header:
  seq: 128
  stamp:
    secs: 1685449233
    nsecs: 0
  frame_id: map
status:
  status: 0
  service: 1
latitude: 46.382785958
longitude: 11.289918445
altitude: 300
position_covariance: [0.0, 0.0, 0.0, 0.0, 0.0, 0.0, 0.0, 0.0, 0.0]
position_covariance_type: 0
